0 0.171200 0.080689 0.241765 0.087035
0 0.504835 0.077969 0.193412 0.092475
0 0.833636 0.093382 0.203083 0.094288
0 0.840888 0.335449 0.207918 0.088849
0 0.502418 0.335449 0.227259 0.085222
0 0.159112 0.340888 0.236930 0.099728
0 0.166364 0.582049 0.174071 0.096102
0 0.495165 0.585675 0.222424 0.099728
0 0.865065 0.583862 0.256271 0.081596
0 0.819130 0.827743 0.203083 0.097915
0 0.507253 0.835902 0.227259 0.096102
5 0.178453 0.819583 0.188577 0.077969
4 0.159004 0.166667 0.214559 0.120690
4 0.159004 0.431034 0.168582 0.120690
4 0.496169 0.419540 0.168582 0.120690
4 0.162835 0.668103 0.191571 0.129310
4 0.496169 0.659483 0.168582 0.089080
4 0.810345 0.672414 0.306513 0.120690
4 0.802682 0.925287 0.183908 0.120690
1 0.500000 0.168103 0.191571 0.117816
1 0.810345 0.169540 0.137931 0.097701
1 0.795019 0.426724 0.183908 0.112069
1 0.503831 0.919540 0.153257 0.120690
1 0.170498 0.912356 0.176245 0.117816